seed 17 cases 108
1 2 3 4 5 6 7 8 19 22 43 50 0 0
-1 2 3 -4 5 -6 -7 8 -19 22 43 -50 1 1
1 0 0 1 9 8 7 6 9 8 7 6 2 2
0 0 0 0 0 0 0 0 0 0 0 0 3 5
127 127 127 127 127 127 127 127 32258 32258 32258 32258 0 20
-128 -128 -128 -128 -128 -128 -128 -128 32768 32768 32768 32768 1 0
-128 -128 -128 -128 127 127 127 127 -32512 -32512 -32512 -32512 2 2
-128 127 127 -128 -128 127 127 -128 32513 -32512 -32512 32513 3 20
84 27 59 20 -39 14 -72 -115 -5220 -1929 -3741 -1474 1 5
86 1 34 77 -58 -97 -57 -28 -5045 -8370 -6361 -5454 1 20
-21 41 -65 -93 30 81 -87 114 -4197 2973 6141 -15867 1 5
44 -119 93 62 -102 53 -103 116 7769 -11472 -15872 12121 2 20
-126 79 -6 -69 -19 -1 56 -99 6818 -7695 -3750 6837 2 0
13 -30 -62 0 29 50 35 -41 -673 1880 -1798 -3100 2 0
11 43 -124 -103 50 -119 111 11 5323 -836 -17633 13623 3 0
-27 30 4 -90 120 -118 -58 78 -4980 5526 5700 -7492 3 20
72 -35 -28 0 -51 -72 -20 -103 -2972 -1579 1428 2016 2 2
33 -103 -46 86 -81 31 0 78 -2673 -7011 3726 5282 3 0
-85 -5 -13 7 -45 23 -103 121 4340 -2560 -136 548 3 5
-15 80 99 -89 107 -17 -11 119 -2485 9775 11572 -12274 2 1
58 -114 88 -101 40 -42 -10 32 3460 -6084 4530 -6928 2 1
-20 27 94 54 101 -81 -74 -123 -4018 -1701 5498 -14256 1 20
-37 102 109 100 -58 115 103 -122 12652 -16699 3978 335 2 2
-34 -124 111 44 40 -20 -102 8 11288 -312 -48 -1868 0 20
-121 -114 -71 113 26 -24 -78 -115 5746 16014 -10660 -11291 3 20
-15 -113 76 -66 91 -99 -98 -32 9709 5101 13384 -5412 2 2
54 49 85 79 -125 45 -87 -111 -11013 -3009 -17498 -4944 2 2
36 -68 43 -63 -4 125 17 98 -1300 -2164 -1243 -799 0 2
-1 -91 87 30 -26 119 59 -63 -5343 5614 -492 8463 1 20
-51 22 -86 95 96 70 -50 -55 -5996 -4780 -13006 -11245 1 20
34 124 16 80 -95 -8 -42 -51 -8438 -6596 -4880 -4208 1 5
36 98 -63 19 -4 125 0 -31 -144 1462 252 -8464 2 0
-66 43 124 -89 92 -84 65 -4 -3277 5372 5623 -10060 1 0
23 -91 19 45 108 36 -52 -52 7216 5560 -288 -1656 2 2
68 38 -55 95 -75 3 -7 -18 -5366 -480 3460 -1875 1 20
61 95 64 10 -88 29 79 -24 2137 -511 -4842 1616 2 0
-110 -98 52 123 78 88 4 26 -8972 -12228 4548 7774 3 1
84 -19 -32 -22 57 -28 -11 66 4997 -3606 -1582 -556 0 5
-27 53 -64 119 98 -84 -61 -8 -5879 1844 -13531 4424 3 5
-12 77 65 120 43 -6 39 69 2487 5385 7475 7890 1 1
124 -123 114 -78 80 118 -78 -34 19514 18814 15204 16104 3 0
7 113 -62 -27 -48 3 -53 -110 -6325 -12409 4407 2784 0 2
97 -101 -84 23 5 31 65 6 -6080 2401 1075 -2466 0 0
17 -92 -100 12 22 51 118 -20 -10482 2707 -784 -5340 0 0
62 62 117 100 40 124 59 -16 6138 6696 10580 12908 0 20
-70 50 -52 67 -70 -88 -108 72 -500 9760 -3596 9400 0 5
-55 -28 98 -104 9 -119 -74 -79 1577 8757 8578 -3446 1 5
-16 30 25 27 41 -120 95 -83 2194 -570 3590 -5241 3 0
108 -75 39 37 107 -99 121 -81 2481 -4617 8650 -6858 3 2
-66 -50 -92 36 -109 -50 -26 23 8494 2150 9092 5428 3 0
-73 67 -100 122 81 83 6 -6 -5511 -6461 -7368 -9032 3 20
-62 -15 41 -10 34 113 33 -20 -2603 -6706 1064 4833 0 1
111 -22 97 95 59 95 -102 -27 8793 11139 -3967 6650 0 1
-126 4 -102 5 57 91 69 -105 -6906 -11886 -5469 -9807 0 0
37 36 -40 55 34 -6 8 98 1546 3306 -920 5630 3 0
-63 -116 -58 104 -50 99 -125 -125 17650 8263 -10100 -18742 1 5
64 76 -78 15 -30 -25 -56 -119 -6176 -10644 1500 165 3 2
-52 115 -15 88 57 5 100 112 8536 12620 7945 9781 0 1
-75 -2 127 -1 31 -76 4 3 -2333 5694 3933 -9655 2 5
5 72 -124 103 9 -46 -20 -19 -1395 -1598 -3176 3747 0 0
55 -70 -108 -32 53 39 -12 -21 3755 3615 -5340 -3540 1 1
-124 122 -112 107 82 84 43 110 -4922 3004 -4583 2362 0 0
-83 -96 -43 17 67 -111 -49 18 -857 7485 -3714 5079 1 2
-45 46 35 122 -9 106 22 84 1417 -906 2369 13958 1 1
90 30 109 30 -97 41 -60 39 -10530 4860 -12373 5639 0 0
27 -77 -85 57 -70 -20 -84 61 4578 -5237 1162 5177 1 5
115 34 -59 97 115 -17 -13 86 12783 969 -8046 9345 0 1
-30 -91 83 -1 114 12 21 -39 -5331 3189 9441 1035 2 5
-56 36 7 13 -96 114 7 103 5628 -2676 -581 2137 3 0
-46 80 44 -124 -20 -99 119 17 10440 5914 -15636 -6464 0 20
57 4 58 26 -12 -112 -2 -116 -692 -6848 -748 -9512 3 0
91 -112 73 49 -16 7 11 18 -2688 -1379 -629 1393 0 0
3 59 -122 -14 -61 100 -110 33 -6673 2247 8982 -12662 0 20
60 -111 -26 25 3 -20 -124 61 13944 -7971 -3178 2045 3 0
6 15 67 -17 -49 25 -100 -43 -1794 -495 -1583 2406 3 20
28 -71 -44 -81 -102 -25 -25 -9 -1081 -61 6513 1829 2 20
18 124 -128 -94 92 103 -44 -77 -3800 -7694 -7640 -5946 2 5
73 -126 81 105 -28 -113 -69 -116 6650 6367 -9513 -21333 2 2
-30 -36 -27 69 -67 9 -18 -25 2658 630 567 -1968 2 1
57 -54 28 -85 -84 119 25 80 -6138 2463 -4477 -3468 3 2
-25 -1 -5 24 11 70 24 -43 -299 -1707 521 -1382 1 20
77 45 -14 8 -120 -29 46 55 -7170 242 2048 846 2 5
62 76 79 12 -46 -17 -109 7 -11136 -522 -4942 -1259 3 2
-7 -45 39 118 -103 -2 -40 -30 2521 1364 -8737 -3618 1 0
-66 88 32 -97 -3 -63 -55 49 -4642 8470 5239 -6769 2 0
-17 48 84 -81 2 37 -88 87 -4258 3547 7296 -3939 2 2
-6 -19 36 -54 115 92 -111 -100 1419 1348 10134 8712 1 5
-101 -98 -95 46 83 -42 60 53 -14263 -952 -5125 6428 2 0
-115 94 123 -39 -116 38 -13 -60 12118 -10010 -13761 7014 0 1
-97 91 113 -2 -102 40 -91 -12 1613 -4972 -11344 4544 0 0
-125 -55 -82 47 -23 39 -113 -98 9090 515 -3425 -7804 3 20
-63 -39 -55 88 -94 -100 44 -12 4206 6768 9042 4444 2 1
14 122 -31 -20 -2 102 -59 -60 -7226 -5892 1242 -1962 3 5
125 79 -77 -77 75 -41 10 21 10165 -3466 -6545 1540 0 0
-27 -48 -119 81 -47 -35 -58 -47 4053 3201 895 358 2 2
-100 29 70 5 -112 5 124 26 14796 254 -7220 480 1 20
-2 -88 -110 15 55 126 88 83 -7854 -7556 -4730 -12615 1 0
-3 126 -106 117 7 -102 -86 19 -10857 2700 -10804 13035 3 1
28 -98 -71 107 -22 -81 95 4 -9926 -2660 11727 6179 2 0
57 52 123 -127 29 91 68 24 5189 6435 -5069 8145 0 1
0 -15 -12 66 34 -64 -53 34 795 -510 -3906 3012 0 0
45 -44 -51 46 21 88 -26 -22 2089 4928 -2267 -5500 3 20
-78 72 -128 123 108 13 77 126 -2880 8058 -4353 13834 1 5
24 115 35 -102 26 -1 -20 -101 -1676 -11639 2950 10267 0 5
94 80 11 -27 12 75 -10 93 328 14490 402 -1686 1 20
-16 87 -51 39 -27 -46 107 -25 9741 -1439 5550 1371 0 5
50 -40 28 16 40 -17 107 -110 -2280 3550 2832 -2236 1 20
71 102 17 -53 -15 33 125 94 11685 11931 -6880 -4421 1 0
